-0.00000 0.00000 0.10000 0.00000 0.00000 0.00000 0.00000 0.00000 -4.81000 0.00000 0.00000 0.00000 0.00000 1 0
0.000000 -3.509999 8.550002 -7.000000 0.000000 
24
-0.00000 0.00000 0.10000 0.00000 0.00000 0.00000 0.00000 0.00000 -4.81000 0.00000 0.00000 0.00000 0.00000 1 0
0.000000 -3.659999 7.950003 -6.000000 0.000000 
24
-0.00000 0.00000 0.10000 0.00000 0.00000 0.00000 0.00000 0.00000 -4.81000 0.00000 0.00000 0.00000 0.00000 1 0
0.000000 -3.809999 7.350003 -4.000000 0.000000 
24
-0.00000 0.00000 0.10000 0.00000 0.00000 0.00000 0.00000 0.00000 -4.81000 0.00000 0.00000 0.00000 0.00000 1 0
0.000000 -4.110000 6.450002 -2.000000 0.000000 
24
-0.00000 0.00000 0.10000 0.00000 0.00000 0.00000 0.00000 0.00000 -4.81000 0.00000 0.00000 0.00000 0.00000 1 0
0.000000 -4.410000 5.400002 0.000000 0.000000 
24
-0.00000 0.00000 0.10000 0.00000 0.00000 0.00000 0.00000 0.00000 -4.81000 0.00000 0.00000 0.00000 0.00000 1 0
0.000000 -4.410000 4.350001 0.000000 0.000000 
24
47.74648 0.00000 0.10000 0.00000 0.00000 0.00000 0.00000 0.03998 -4.81000 0.00140 -2.00000 -30.00000 -30.00000 1 0
0.000000 -4.410000 4.350001 0.000000 0.000000 
24
525.21136 0.00000 0.10000 0.00000 0.00000 0.00000 0.00000 0.43066 -4.81000 0.07734 -20.00000 -30.00000 -30.00000 1 0
0.000000 -4.410000 4.350001 0.000000 0.000000 
24
668.45074 0.00000 0.10000 0.00000 0.00000 0.00000 0.00000 0.54083 -4.81000 0.12486 -24.00000 0.00000 0.00000 1 0
0.000000 -4.410000 4.350001 0.000000 0.000000 
24
668.45074 0.00000 0.10000 0.00000 0.00000 0.00000 0.00000 0.54083 -4.81000 0.12486 -24.00000 0.00000 0.00000 1 0
0.026147 -4.410000 4.051142 0.000000 5.000000 
24
668.45074 0.00000 0.10000 0.00000 0.00000 0.00000 0.00000 0.54083 -4.81000 0.12486 -24.00000 0.00000 0.00000 1 0
0.039220 -4.560000 3.901713 0.000000 5.000000 
24
668.45074 0.00000 0.10000 16.00000 0.00000 0.00000 0.00000 0.54083 -4.81000 0.12486 -24.00000 0.00000 0.00000 1 0
0.039220 -4.560000 3.901713 0.000000 5.000000 
24
668.45074 0.00000 0.10000 32.00000 0.00000 0.00000 0.00000 0.54083 -4.81000 0.12486 -24.00000 0.00000 0.00000 1 0
0.039220 -4.560000 3.901713 0.000000 5.000000 
24
668.45074 0.00000 0.10000 48.00000 0.00000 0.00000 0.00000 0.54083 -4.81000 0.12486 -24.00000 0.00000 0.00000 1 0
0.039220 -4.560000 3.901713 0.000000 5.000000 
24
668.45074 0.00000 0.10000 50.00000 0.00000 0.00000 0.00000 0.54083 -4.81000 0.12486 -24.00000 0.00000 0.00000 1 0
0.039220 -4.560000 3.901713 0.000000 5.000000 
24
668.45074 0.00000 0.10000 50.00000 0.00000 -1.00000 0.00000 0.54083 -4.81000 0.12486 -24.00000 0.00000 0.00000 1 0
0.039220 -4.560000 3.901713 0.000000 5.000000 
24
668.45074 0.00000 0.10000 50.00000 0.00000 -2.00000 0.00000 0.54083 -4.81000 0.12486 -24.00000 0.00000 0.00000 1 0
0.039220 -4.560000 3.901713 0.000000 5.000000 
24
668.45074 0.00000 0.10000 50.00000 0.00000 -2.60000 0.00000 0.54083 -4.81000 0.12486 -24.00000 0.00000 0.00000 1 0
0.039220 -4.560000 3.901713 0.000000 5.000000 
24
668.45074 0.00000 0.10000 50.00000 0.00000 -3.00000 0.00000 0.54083 -4.81000 0.12486 -24.00000 0.00000 0.00000 1 0
0.039220 -4.560000 3.901713 0.000000 5.000000 
24
668.45074 0.00000 0.10000 50.00000 0.00000 -3.00000 0.00000 0.54083 -4.81000 0.12486 -24.00000 0.00000 0.00000 1 0
0.039220 -4.560000 3.901713 0.000000 5.000000 
24
668.45074 0.00000 0.10000 38.00000 0.00000 -3.00000 0.00000 0.54083 -4.81000 0.12486 -24.00000 0.00000 0.00000 1 0
0.039220 -4.560000 3.901713 0.000000 5.000000 
24
668.45074 0.00000 0.10000 26.00000 0.00000 -3.00000 0.00000 0.54083 -4.81000 0.12486 -24.00000 0.00000 0.00000 1 0
0.039220 -4.560000 3.901713 0.000000 5.000000 
24
668.45074 0.00000 0.10000 14.00000 0.00000 -3.00000 0.00000 0.54083 -4.81000 0.12486 -24.00000 0.00000 0.00000 1 0
0.039220 -4.560000 3.901713 0.000000 5.000000 
24
668.45074 0.00000 0.10000 0.00000 0.00000 -3.00000 0.00000 0.54083 -4.81000 0.12486 -24.00000 0.00000 0.00000 1 0
0.039220 -4.560000 3.901713 0.000000 5.000000 
24
859.43658 0.00000 0.10000 0.00000 0.00000 -3.00000 0.00000 0.69063 -4.81000 0.18087 -18.00000 30.00000 30.00000 1 0
0.039220 -4.560000 3.901713 0.000000 5.000000 
24
1050.42249 0.00000 0.10000 0.00000 0.00000 -3.00000 0.00000 0.84506 -4.81000 0.22225 -12.00000 50.00000 30.00000 1 0
0.039220 -4.560000 3.901713 0.000000 5.000000 
24
1480.14062 0.00000 0.10000 0.00000 0.00000 -3.00000 0.00000 1.20270 -4.81000 0.25425 2.00000 30.00000 30.00000 1 0
0.039220 -4.560000 3.901713 0.000000 5.000000 
24
1957.60522 0.00000 0.10000 0.00000 0.00000 -3.00000 0.00000 1.59727 -4.81000 0.19599 16.00000 50.00000 30.00000 1 0
0.039220 -4.560000 3.901713 0.000000 5.000000 
24
2387.32422 0.00000 0.10000 0.00000 0.00000 -3.00000 0.00000 1.92481 -4.81000 0.05016 32.00000 50.00000 30.00000 1 0
0.039220 -4.560000 3.901713 0.000000 5.000000 
24
3008.02979 0.00000 0.10000 0.00000 0.00000 -3.00000 0.00000 2.29568 -4.81000 -0.30799 56.00000 30.00000 30.00000 1 0
0.039220 -4.560000 3.901713 0.000000 5.000000 
24
3628.73535 0.00000 0.10000 0.00000 0.00000 -3.00000 0.00000 2.48882 -4.81000 -0.78602 80.00000 30.00000 30.00000 1 0
0.039220 -4.560000 3.901713 0.000000 5.000000 
24
4535.92041 0.00000 0.10000 0.00000 0.00000 -3.00000 0.00000 2.38497 -4.81000 -1.52495 116.00000 30.00000 30.00000 1 0
0.039220 -4.560000 3.901713 0.000000 5.000000 
24
5108.87939 0.00000 0.10000 0.00000 0.00000 -3.00000 0.00000 2.08600 -4.81000 -1.89633 138.00000 0.00000 0.00000 1 0
0.039220 -4.560000 3.901713 0.000000 5.000000 
24
5299.86572 0.00000 0.10000 0.00000 0.00000 -3.00000 0.00000 1.96175 -4.81000 -1.99694 144.00000 30.00000 30.00000 1 0
0.039220 -4.560000 3.901713 0.000000 5.000000 
24
5681.83838 0.00000 0.10000 0.00000 0.00000 -3.00000 0.00000 1.67754 -4.81000 -2.14176 160.00000 30.00000 30.00000 1 0
0.039220 -4.560000 3.901713 0.000000 5.000000 
24
5920.57129 0.00000 0.10000 0.00000 0.00000 -3.00000 0.00000 1.49506 -4.81000 -2.22300 152.00000 -30.00000 -30.00000 1 0
0.039220 -4.560000 3.901713 0.000000 5.000000 
24
6016.06445 0.00000 0.10000 0.00000 0.00000 -3.00000 0.00000 1.42510 -4.81000 -2.26178 150.00000 -30.00000 -30.00000 1 0
0.039220 -4.560000 3.901713 0.000000 5.000000 
24
6016.06445 0.00000 0.10000 0.00000 0.00000 -3.00000 0.00000 1.42510 -4.81000 -2.26178 150.00000 -30.00000 -30.00000 1 0
0.039220 -4.560000 3.901713 0.000000 5.000000 
24
6589.02344 0.00000 0.10000 0.00000 0.00000 -3.00000 0.00000 1.06546 -4.81000 -2.57441 128.00000 -30.00000 -30.00000 1 0
0.039220 -4.560000 3.901713 0.000000 5.000000 
24
7114.23584 0.00000 0.10000 0.00000 0.00000 -3.00000 0.00000 0.86015 -4.81000 -2.96054 108.00000 -30.00000 -30.00000 1 0
0.039220 -4.560000 3.901713 0.000000 5.000000 
24
7639.44824 0.00000 0.10000 0.00000 0.00000 -3.00000 0.00000 0.79929 -4.81000 -3.39361 88.00000 -30.00000 -30.00000 1 0
0.039220 -4.560000 3.901713 0.000000 5.000000 
24
7925.92773 0.00000 0.10000 0.00000 0.00000 -3.00000 0.00000 0.80766 -4.81000 -3.63347 88.00000 0.00000 0.00000 1 0
0.765783 -4.710000 -2.434197 0.000000 2.000000 
24
8212.40723 0.00000 0.10000 0.00000 0.00000 -3.00000 0.00000 0.81604 -4.81000 -3.87332 88.00000 0.00000 0.00000 1 0
0.774159 -4.710000 -2.674051 0.000000 2.000000 
24
8833.10645 0.00000 0.10000 0.00000 0.00000 -3.00000 0.00000 0.83419 -4.81000 -4.39300 88.00000 0.00000 0.00000 1 0
0.792307 -4.710000 -3.193734 0.000000 2.000000 
24
9406.05957 0.00000 0.10000 0.00000 0.00000 -3.00000 0.00000 0.85094 -4.81000 -4.87271 88.00000 0.00000 0.00000 1 0
0.809059 -4.710000 -3.673442 0.000000 2.000000 
24
9979.01270 0.00000 0.10000 0.00000 0.00000 -3.00000 0.00000 0.86769 -4.81000 -5.35242 88.00000 0.00000 0.00000 1 0
0.864200 -4.770000 -5.252480 0.000000 2.000000 
24
10074.50488 0.00000 0.10000 0.00000 0.00000 -3.00000 0.00000 0.86909 -4.81000 -5.43239 90.00000 30.00000 30.00000 1 0
0.869086 -4.770000 -5.332394 0.000000 0.000000 
24
10074.50488 0.00000 0.10000 0.00000 0.00000 -3.00000 0.00000 0.86909 -4.81000 -5.43239 90.00000 30.00000 30.00000 1 0
0.869086 -4.770000 -5.332394 0.000000 0.000000 
24
10504.21973 0.00000 0.10000 0.00000 0.00000 -3.00000 0.00000 0.81919 -4.81000 -5.78744 106.00000 30.00000 30.00000 1 0
0.846751 -4.770000 -5.691319 0.000000 -16.000000 
24
10742.95020 0.00000 0.10000 0.00000 0.00000 -3.00000 0.00000 0.75215 -4.81000 -5.97570 112.00000 0.00000 0.00000 1 0
0.789612 -4.770000 -5.882981 0.000000 -22.000000 
24
11363.64941 0.00000 0.10000 0.00000 0.00000 -3.00000 0.00000 0.55736 -4.81000 -6.45784 112.00000 0.00000 0.00000 1 0
0.594817 -4.770000 -6.365118 0.000000 -22.000000 
24
12079.84082 0.00000 0.10000 0.00000 0.00000 -3.00000 0.00000 0.33259 -4.81000 -7.01415 112.00000 0.00000 0.00000 1 0
0.370053 -4.770000 -6.921429 0.000000 -22.000000 
24
12270.82520 0.00000 0.10000 0.00000 0.00000 -3.00000 0.00000 0.27657 -4.81000 -7.16400 110.00000 0.00000 0.00000 1 0
0.310768 -4.770000 -7.070029 0.000000 -20.000000 
24
12652.79395 0.00000 0.10000 0.00000 0.00000 -3.00000 0.00000 0.21431 -4.81000 -7.47699 96.00000 0.00000 0.00000 1 0
0.224764 -4.770000 -7.377542 0.000000 -6.000000 
24
12796.03223 0.00000 0.10000 0.00000 0.00000 -3.00000 0.00000 0.20594 -4.81000 -7.59665 92.00000 -30.00000 -30.00000 1 0
0.209434 -4.770000 -7.496714 0.000000 -2.000000 
24
13273.49316 0.00000 0.10000 0.00000 0.00000 -3.00000 0.00000 0.25584 -4.81000 -7.99170 74.00000 -30.00000 -30.00000 1 0
0.228279 -4.770000 -7.895577 0.000000 16.000000 
24
13368.98535 0.00000 0.10000 0.00000 0.00000 -3.00000 0.00000 0.27655 -4.81000 -8.06897 76.00000 30.00000 30.00000 1 0
0.252353 -4.770000 -7.971936 0.000000 14.000000 
24
13941.93848 0.00000 0.10000 0.00000 0.00000 -3.00000 0.00000 0.39131 -4.81000 -8.53502 78.00000 30.00000 30.00000 1 0
0.370516 -4.770000 -8.437205 0.000000 12.000000 
24
14132.92285 0.00000 0.10000 0.00000 0.00000 -3.00000 0.00000 0.41632 -4.81000 -8.69293 84.00000 30.00000 30.00000 1 0
0.405865 -4.770000 -8.593477 0.000000 6.000000 
24
14705.87598 0.00000 0.10000 0.00000 0.00000 -3.00000 0.00000 0.46510 -4.81000 -9.17042 86.00000 30.00000 30.00000 1 0
0.458125 -4.770000 -9.070662 0.000000 4.000000 
24
15326.57520 0.00000 0.10000 0.00000 0.00000 -3.00000 0.00000 0.48325 -4.81000 -9.69005 90.00000 30.00000 30.00000 1 0
0.483247 -4.770000 -9.590048 0.000000 0.000000 
24
16281.49707 0.00000 0.10000 0.00000 0.00000 -3.00000 0.00000 0.48325 -4.81000 -10.49005 90.00000 0.00000 0.00000 1 0
0.483247 -4.770000 -10.390047 0.000000 0.000000 
24
16997.68945 0.00000 0.10000 0.00000 0.00000 -3.00000 0.00000 0.48325 -4.81000 -11.09005 90.00000 0.00000 0.00000 1 1
0.483247 -4.770000 -10.990047 1.000000 0.000000 
24
18143.59570 0.00000 0.10000 0.00000 0.00000 -3.00000 0.00000 0.48325 -4.81000 -12.05005 90.00000 0.00000 0.00000 1 1
0.483247 -4.770000 -11.950046 1.000000 0.000000 
24
19384.99414 0.00000 0.10000 0.00000 0.00000 -3.00000 0.00000 0.48325 -4.81000 -13.09004 90.00000 0.00000 0.00000 0 1
0.483247 -4.770000 -12.990045 1.000000 0.000000 
24
20053.43945 0.00000 0.10000 0.00000 0.00000 -3.00000 0.00000 0.48325 -4.81000 -13.65004 90.00000 0.00000 0.00000 0 1
0.483247 -4.770000 -13.550044 1.000000 0.000000 
24
20960.61523 0.00000 0.10000 0.00000 0.00000 -3.00000 0.00000 0.26119 -4.81000 -14.36444 124.00000 30.00000 30.00000 1 1
0.317109 -4.770000 -14.281531 1.000000 -34.000000 
24
21629.06055 0.00000 0.10000 0.00000 0.00000 -3.00000 0.00000 -0.14433 -4.81000 -14.74258 150.00000 30.00000 30.00000 1 1
-0.057723 -4.770000 -14.692583 1.000000 -60.000000 
24
22345.25195 0.00000 0.10000 0.00000 0.00000 -3.00000 0.00000 -0.71990 -4.81000 -14.88609 180.00000 50.00000 30.00000 1 1
-0.619905 -4.770000 -14.886090 1.000000 -90.000000 
24
23395.66602 0.00000 0.10000 0.00000 0.00000 -3.00000 0.00000 -1.52146 -4.81000 -14.57841 222.00000 30.00000 30.00000 1 1
-1.447142 -4.770000 -14.645318 1.000000 -132.000000 
24
24446.08008 0.00000 0.10000 0.00000 0.00000 -3.00000 0.00000 -1.91124 -4.81000 -13.81341 264.00000 30.00000 30.00000 1 1
-1.900791 -4.770000 -13.912858 1.000000 -174.000000 
24
25926.20898 0.00000 0.10000 0.00000 0.00000 -3.00000 0.00000 -1.68720 -4.81000 -12.60091 284.00000 0.00000 0.00000 1 1
-1.711391 -4.770000 -12.697945 1.000000 -194.000000 
24
26976.62305 0.00000 0.10000 0.00000 0.00000 -3.00000 0.00000 -1.47431 -4.81000 -11.74706 284.00000 0.00000 0.00000 1 1
-1.498498 -4.770000 -11.844088 1.000000 -194.000000 
24
27931.54492 0.00000 0.10000 0.00000 0.00000 -3.00000 0.00000 -1.28213 -4.81000 -10.97051 282.00000 -30.00000 -30.00000 1 1
-1.302919 -4.770000 -11.068325 1.000000 -192.000000 
24
28790.97461 0.00000 0.10000 0.00000 0.00000 -3.00000 0.00000 -1.13380 -4.81000 -10.26599 280.00000 -30.00000 -30.00000 1 1
-1.151166 -4.770000 -10.364467 1.000000 -190.000000 
24
29889.13477 0.00000 0.10000 0.00000 0.00000 -3.00000 0.00000 -0.97542 -4.81000 -9.35974 278.00000 -30.00000 -30.00000 1 1
-0.989341 -4.770000 -9.458767 1.000000 -188.000000 
24
30987.29492 0.00000 0.10000 0.00000 0.00000 -3.00000 0.00000 -0.90708 -4.81000 -8.44239 274.00000 0.00000 0.00000 1 1
-0.914055 -4.770000 -8.542149 1.000000 -184.000000 
24
32133.20117 0.00000 0.10000 0.00000 0.00000 -3.00000 0.00000 -0.84011 -4.81000 -7.48473 274.00000 0.00000 0.00000 1 1
-0.847089 -4.770000 -7.584484 1.000000 -184.000000 
24
32515.16992 0.00000 0.10000 0.00000 0.00000 -3.00000 0.00000 -0.81779 -4.81000 -7.16551 274.00000 0.00000 0.00000 1 1
-0.824069 -4.770000 -7.255287 1.000000 -274.000000 
24
33088.12500 0.00000 0.10000 0.00000 0.00000 -3.00000 0.00000 -0.78431 -4.81000 -6.68667 274.00000 0.00000 0.00000 1 1
-0.790586 -4.770000 -6.776455 1.000000 -274.000000 
24
33613.33203 0.00000 0.10000 0.00000 0.00000 -3.00000 0.00000 -0.75361 -4.81000 -6.24774 274.00000 0.00000 0.00000 1 1
-0.759893 -4.770000 -6.337525 1.000000 -274.000000 
24
34711.49219 0.00000 0.10000 0.00000 0.00000 -3.00000 0.00000 -0.68944 -4.81000 -5.32998 274.00000 0.00000 0.00000 1 1
-0.695716 -4.770000 -5.419764 1.000000 -274.000000 
24
35570.92188 0.00000 0.10000 0.00000 0.00000 -3.00000 0.00000 -0.63921 -4.81000 -4.61173 274.00000 0.00000 0.00000 1 1
-0.645491 -4.770000 -4.701515 1.000000 -274.000000 
24
36430.35156 0.00000 0.10000 0.00000 0.00000 -3.00000 0.00000 -0.58899 -4.81000 -3.89349 274.00000 0.00000 0.00000 1 1
-0.595267 -4.770000 -3.983268 1.000000 -274.000000 
24
36478.09766 0.00000 0.10000 0.00000 0.00000 -3.00000 0.00000 -0.58620 -4.81000 -3.85358 274.00000 0.00000 0.00000 1 1
-0.502490 -4.810000 -2.656507 1.000000 -364.000000 
24
36907.81250 0.00000 0.10000 0.00000 0.00000 -3.00000 0.00000 -0.56109 -4.81000 -3.49446 274.00000 0.00000 0.00000 1 1
-0.477378 -4.810000 -2.297385 1.000000 -364.000000 
24
36955.55859 0.00000 0.10000 0.00000 0.00000 -3.00000 0.00000 -0.55830 -4.81000 -3.45456 274.00000 0.00000 0.00000 1 1
-0.474588 -4.810000 -2.257483 1.000000 -364.000000 
24
36955.55859 0.00000 0.10000 0.00000 0.00000 -3.00000 0.00000 -0.55830 -4.81000 -3.45456 274.00000 0.00000 0.00000 1 1
-0.443197 -4.810000 -1.808579 1.000000 -364.000000 
24
36955.55859 0.00000 0.10000 0.00000 0.00000 -3.00000 0.00000 -0.55830 -4.81000 -3.45456 274.00000 0.00000 0.00000 1 1
-0.401343 -4.810000 -1.210041 1.000000 -364.000000 
24
36955.55859 0.00000 0.10000 0.00000 0.00000 -3.00000 0.00000 -0.55830 -4.81000 -3.45456 274.00000 0.00000 0.00000 1 1
-0.349026 -4.510000 -0.461868 -5.000000 -364.000000 
24
36955.55859 0.00000 0.10000 0.00000 0.00000 -3.00000 0.00000 -0.55830 -4.81000 -3.45456 274.00000 0.00000 0.00000 1 1
-0.296709 -4.360000 0.286305 -7.000000 -364.000000 
24
36955.55859 0.00000 0.10000 0.00000 0.00000 -3.00000 0.00000 -0.55830 -4.81000 -3.45456 274.00000 0.00000 0.00000 1 1
-0.213001 -4.210000 1.483382 -8.000000 -364.000000 
24
36955.55859 0.00000 0.10000 0.00000 0.00000 -3.00000 0.00000 -0.55830 -4.81000 -3.45456 274.00000 0.00000 0.00000 1 1
-0.014195 -3.759999 4.326440 -14.000000 -364.000000 
24
36955.55859 0.00000 0.10000 0.00000 0.00000 -3.00000 0.00000 -0.55830 -4.81000 -3.45456 274.00000 0.00000 0.00000 1 1
-0.014195 -3.759999 4.326440 -10.000000 -364.000000 
24
36955.55859 0.00000 0.10000 0.00000 0.00000 -3.00000 0.00000 -0.55830 -4.81000 -3.45456 274.00000 0.00000 0.00000 1 1
-0.014195 -3.759999 4.326440 -6.000000 -364.000000 
24
36955.55859 0.00000 0.10000 0.00000 0.00000 -3.00000 0.00000 -0.55830 -4.81000 -3.45456 274.00000 0.00000 0.00000 1 1
-0.014195 -3.759999 4.326440 0.000000 -364.000000 
24
36955.55859 0.00000 0.10000 0.00000 0.00000 -3.00000 0.00000 -0.55830 -4.81000 -3.45456 274.00000 0.00000 0.00000 1 1
-0.014195 -3.759999 4.326440 17.000000 -364.000000 
24
36955.55859 0.00000 0.10000 0.00000 0.00000 -3.00000 0.00000 -0.55830 -4.81000 -3.45456 274.00000 0.00000 0.00000 1 1
-0.014195 -3.759999 4.326440 35.000000 -364.000000 
24
36955.55859 0.00000 0.10000 0.00000 0.00000 -3.00000 0.00000 -0.55830 -4.81000 -3.45456 274.00000 0.00000 0.00000 1 1
-0.014195 -3.759999 4.326440 44.000000 -364.000000 
